963
2 10
210 587
582 642
422 484
533 619
533 649
623 560
293 299
554 577
170 196
446 638
699 64
89 168
750 373
2 185
453 62
121 752
307 807
246 110
292 126
652 488
138 528
560 88
671 37
115 406
6 42
145 45
767 836
296 273
116 719
16 23
383 259
269 300
614 529
193 141
269 399
24 25
136 486
156 335
105 338
713 243
507 681
367 218
513 856
475 906
880 911
122 728
845 862
919 136
167 887
832 56
106 347
226 476
427 393
296 913
328 158
304 485
812 467
598 62
24 61
44 471
2 12
591 889
235 336
676 690
146 100
828 581
259 112
523 591
450 571
15 64
578 667
3 20
643 588
901 354
525 410
283 14
75 872
193 325
357 114
51 7
125 141
102 578
233 127
301 97
91 88
21 536
805 697
57 490
584 654
178 422
253 445
857 324
499 814
32 698
22 8
144 176
631 148
443 253
467 864
88 98
735 179
46 35
524 740
676 844
488 174
56 22
375 745
863 770
19 743
341 316
895 42
785 373
852 706
162 203
322 180
70 13
730 904
197 41
42 74
187 286
84 751
282 499
400 257
34 19
360 103
219 411
861 119
155 21
285 498
337 625
327 192
15 18
61 374
208 30
224 786
886 598
178 221
491 64
64 83
28 78
262 81
122 101
680 624
688 365
553 350
261 144
459 695
684 416
173 41
11 6
73 593
314 142
935 111
92 660
56 58
54 19
599 557
634 211
60 120
953 373
5 4
259 412
136 59
815 672
351 261
241 585
89 72
27 15
26 565
200 228
144 295
295 424
706 900
267 276
363 338
202 916
39 303
576 422
473 312
73 46
620 709
890 812
72 32
90 806
428 813
437 727
129 510
616 515
482 539
1 47
267 237
678 893
426 648
70 822
113 42
35 460
28 132
822 922
105 72
575 137
37 3
939 63
162 231
255 754
556 25
380 759
378 215
771 397
171 1
215 251
83 87
450 371
118 239
24 164
676 204
247 49
112 5
232 342
879 47
115 617
417 322
130 266
79 61
112 137
116 64
43 128
930 534
35 12
673 359
280 353
278 126
846 825
858 947
829 421
123 242
779 640
171 179
329 387
312 538
236 76
294 329
420 962
25 127
350 626
899 886
194 425
245 119
817 157
663 380
348 466
470 903
197 384
363 459
152 174
834 281
173 483
355 368
265 952
466 927
49 75
928 562
564 574
43 85
214 197
669 480
606 184
602 368
27 723
67 41
29 84
573 471
316 487
217 19
49 101
788 818
509 923
732 695
84 183
138 747
115 66
507 918
622 819
785 867
870 116
38 415
103 15
104 496
52 27
324 600
591 678
326 256
50 12
209 14
702 375
5 703
65 149
195 128
189 382
600 933
546 79
47 199
223 205
553 641
355 37
52 274
757 504
541 289
16 884
485 798
146 359
563 255
55 32
193 227
404 215
241 366
113 480
240 126
68 264
294 100
38 82
289 275
165 85
439 478
454 609
186 330
354 494
271 419
596 199
454 153
438 80
546 559
942 261
106 33
127 773
256 945
579 210
244 195
31 19
637 318
936 296
263 633
784 253
171 521
924 251
489 313
722 507
381 65
778 762
498 833
774 132
354 701
365 22
331 207
195 429
376 242
376 401
468 795
305 787
629 338
849 389
13 4
581 683
81 50
194 391
399 956
229 1
76 505
940 493
31 693
775 431
680 725
457 547
738 649
402 337
689 350
79 282
403 188
252 888
715 187
19 679
800 389
710 661
337 23
309 497
231 273
18 39
282 526
455 141
908 124
57 249
194 957
305 72
393 39
282 655
396 14
342 789
112 142
511 34
449 270
16 17
10 45
415 542
353 395
91 457
622 85
182 877
350 29
1 2
352 516
178 71
549 554
197 477
127 792
157 43
166 175
478 549
13 71
686 190
473 527
41 218
81 780
62 138
67 858
577 883
579 931
418 101
13 172
804 764
277 240
321 230
248 907
226 8
59 31
31 613
190 103
133 99
80 107
631 885
243 105
529 227
185 192
33 700
917 68
17 119
783 628
689 692
261 302
161 86
776 329
946 818
528 848
492 246
151 186
951 107
137 925
312 3
290 594
88 320
192 866
364 171
250 147
540 220
18 104
165 270
9 826
344 184
356 203
434 58
781 668
840 596
183 739
253 441
362 440
11 198
147 865
770 756
308 2
570 104
350 535
166 869
955 629
2 3
618 227
269 392
630 40
116 802
741 691
34 68
19 57
74 202
287 452
321 390
314 566
505 875
323 685
128 520
234 657
500 568
677 602
666 880
293 782
426 432
147 447
763 504
882 231
764 325
2 28
153 448
131 97
428 354
82 188
114 80
41 49
354 377
628 452
744 69
5 334
781 894
253 223
534 46
436 465
562 438
349 3
70 589
850 251
793 8
514 612
347 624
2 6
948 884
912 17
23 232
221 463
963 115
696 720
235 25
461 293
896 339
238 265
34 40
88 23
902 809
1 43
538 632
135 103
263 117
937 873
439 356
122 225
423 838
938 785
515 165
79 561
241 165
611 137
934 607
192 482
36 10
148 212
242 564
760 464
338 340
550 365
230 158
808 435
941 105
219 234
8 129
194 35
257 839
93 851
424 662
742 512
761 24
608 905
17 207
436 474
733 19
275 825
308 670
659 315
425 859
50 555
138 548
932 234
334 345
687 100
296 397
10 167
125 151
926 366
200 4
495 537
368 717
315 265
54 184
69 130
83 332
272 220
704 392
272 493
451 151
810 60
33 379
250 288
140 707
873 493
158 83
620 445
68 80
361 206
768 73
17 271
842 630
658 921
294 371
5 7
531 71
12 503
892 875
544 539
28 319
416 431
284 108
749 149
11 306
799 368
367 718
215 661
309 14
114 712
41 90
497 794
31 413
437 85
860 491
248 753
430 341
125 177
370 195
287 108
730 503
48 944
348 716
144 98
314 708
479 294
21 180
253 257
205 159
90 118
87 153
256 177
244 444
291 65
1 148
333 229
297 748
416 390
666 107
151 255
94 467
258 66
582 154
504 580
298 95
491 694
777 827
60 47
558 438
124 920
665 572
156 21
67 756
196 358
12 801
724 89
93 80
186 557
734 121
375 193
683 876
132 162
584 335
6 14
588 465
154 313
595 295
388 41
17 63
823 784
497 523
645 207
230 310
163 160
280 266
507 71
100 96
125 99
41 30
290 117
152 147
48 279
361 409
156 204
389 101
342 408
46 147
324 29
217 674
755 314
170 603
545 123
69 34
583 452
118 369
421 76
8 3
736 718
86 8
359 410
348 339
407 469
746 550
891 767
412 433
362 258
273 552
726 681
658 349
334 797
959 621
114 121
530 353
185 354
99 508
213 509
360 610
651 711
874 766
651 457
244 502
14 252
736 841
223 304
868 645
102 639
211 254
644 102
44 14
18 790
521 835
166 7
40 126
567 136
90 216
352 330
477 653
16 8
323 3
787 845
149 182
75 169
513 263
554 607
201 19
15 705
383 394
318 297
958 589
871 438
456 830
664 78
597 49
894 898
320 475
289 317
772 109
26 30
721 523
43 472
297 217
145 514
302 777
281 96
482 731
519 290
135 275
435 232
15 24
656 483
54 117
380 322
6 33
909 483
615 82
600 668
35 110
21 219
340 501
184 481
5 543
402 706
372 19
129 160
50 96
210 66
77 71
126 159
316 241
86 811
413 816
373 16
507 646
303 572
582 592
135 910
621 292
41 65
185 586
168 504
676 820
791 691
522 128
866 961
821 625
97 189
915 445
638 914
308 881
457 843
209 237
3 407
533 235
268 213
335 532
225 627
66 16
2 29
85 854
364 405
199 260
278 605
175 960
94 92
434 518
878 764
330 385
386 351
608 113
244 269
67 339
20 500
809 169
32 170
426 71
727 855
762 32
19 248
38 37
22 215
675 108
76 26
213 162
140 468
647 523
102 30
58 181
824 183
248 470
99 85
224 102
24 714
67 109
697 377
788 214
495 362
767 613
63 123
143 64
871 943
346 167
200 837
64 92
12 62
508 551
115 650
285 120
21 16
173 187
635 129
758 187
672 162
831 830
544 803
442 297
769 737
581 224
488 729
49 456
55 191
604 375
459 569
9 3
390 446
33 53
524 298
6 26
112 949
150 106
560 847
217 462
426 517
715 950
897 676
109 154
37 134
387 796
10 737
19 3
242 436
293 206
414 324
691 267
445 590
207 307
291 682
114 601
95 81
766 25
211 144
453 853
18 32
15 11
124 3
97 8
203 206
108 103
222 32
140 73
506 424
115 139
420 273
412 640
423 91
512 98
48 20
238 202
